1000
22 14 70
72 9 77
33 55 85
58 58 81
98 23 27
35 16 42
33 20 79
43 44 59
37 24 17
45 83 96
60 2 68
99 58 92
37 21 1
87 22 56
86 89 75
89 99 82
22 2 57
96 55 72
86 14 22
92 80 87
50 58 100
63 38 11
47 32 85
52 91 16
98 42 24
3 31 48
21 57 20
27 5 38
16 15 64
47 68 48
85 13 84
59 98 12
4 79 33
95 52 21
5 34 58
52 20 71
71 28 11
13 17 1
0 99 43
55 2 71
64 96 55
9 72 95
80 5 56
0 42 24
67 19 16
42 8 52
3 83 27
75 33 74
99 8 69
48 19 14
28 74 83
19 61 77
84 63 23
35 68 35
89 84 47
57 75 37
49 32 95
71 86 34
73 81 29
23 65 87
13 98 74
34 10 100
24 66 29
89 11 13
41 97 37
63 47 47
9 67 98
32 60 75
93 54 6
63 53 74
73 6 68
40 29 7
0 65 91
61 11 97
4 17 11
11 73 54
15 48 19
75 9 23
91 9 77
78 12 26
10 72 100
66 19 66
85 73 70
18 75 8
73 32 97
0 33 60
19 13 36
23 74 80
14 60 30
33 29 79
96 23 25
0 68 90
38 100 15
66 26 38
41 35 64
79 100 64
44 5 97
77 88 1
36 98 27
19 15 33
0 53 42
43 9 84
13 64 55
93 94 28
42 65 78
78 28 94
84 1 80
17 89 70
71 35 27
80 33 25
63 93 100
90 37 82
87 37 94
39 43 22
84 93 54
8 47 90
7 72 10
43 48 99
0 71 40
7 52 70
67 95 83
90 24 63
14 59 83
50 96 59
28 12 87
88 56 9
4 99 34
82 94 57
2 1 3
100 63 3
98 87 25
21 1 14
39 81 80
95 62 96
69 91 72
82 35 76
47 66 68
92 82 14
21 99 3
4 11 83
97 48 53
9 70 2
77 97 48
38 55 3
35 35 60
69 62 92
7 78 53
68 76 65
8 2 87
37 87 64
59 22 76
72 36 27
74 32 16
34 38 11
43 47 33
99 35 58
13 55 55
93 81 97
22 61 99
51 61 95
78 22 46
17 73 94
68 88 23
90 93 62
72 53 57
37 65 24
57 71 100
99 61 22
20 24 95
73 67 79
79 70 92
93 92 92
69 26 21
99 60 89
5 98 52
65 77 76
50 42 68
82 24 95
20 94 40
79 6 30
74 92 31
41 12 92
36 67 58
78 53 78
96 100 18
10 34 82
1 42 57
0 55 55
11 30 40
7 13 96
72 98 89
22 42 25
53 22 1
20 11 46
84 74 99
34 72 75
35 87 31
51 34 61
2 64 93
28 95 81
7 21 17
2 57 53
61 12 61
2 20 12
21 80 63
60 86 100
75 18 61
87 40 57
68 55 29
65 83 43
98 85 64
56 6 32
1 45 6
36 12 28
48 86 21
18 75 3
27 6 1
31 9 89
99 99 99
51 16 83
88 93 40
76 5 76
18 56 55
88 64 68
90 77 46
26 2 42
68 23 60
22 15 99
37 43 86
10 33 56
84 58 8
81 45 30
44 88 41
34 21 80
39 62 100
76 87 22
65 77 35
16 58 42
82 97 70
34 78 66
49 97 30
29 75 87
31 40 41
71 52 15
87 63 13
25 47 39
81 13 32
91 22 82
42 12 84
85 9 98
83 56 97
74 3 72
77 41 62
33 58 9
42 63 85
35 62 33
100 89 96
24 84 57
49 37 81
95 44 79
58 85 42
70 87 37
3 98 22
85 85 34
13 82 4
56 84 29
61 29 41
67 67 62
42 35 78
60 5 38
15 14 85
51 22 21
75 83 75
5 19 45
84 75 56
2 35 88
54 12 86
91 65 22
79 91 11
90 47 68
29 21 89
81 14 29
87 28 17
86 98 75
89 48 41
51 37 95
47 66 45
19 77 96
2 48 25
56 48 75
77 46 98
39 42 75
14 98 61
20 2 14
100 26 16
61 56 2
65 89 98
8 34 45
95 82 27
15 72 4
68 13 87
31 80 31
35 8 16
52 44 12
55 3 20
91 59 33
5 42 25
31 9 91
38 20 36
99 92 60
76 27 10
77 28 9
81 69 83
47 88 70
26 7 46
42 93 80
96 28 17
16 10 4
9 100 8
23 5 33
29 37 5
93 62 100
95 61 13
44 68 69
56 80 4
45 39 23
41 87 80
41 97 68
86 23 47
67 73 45
79 4 33
22 34 52
5 47 9
36 17 39
85 73 67
4 47 1
47 88 38
33 70 76
67 54 42
44 4 23
19 32 19
37 33 18
45 62 57
95 20 58
90 69 60
51 39 32
15 81 30
55 94 1
56 30 6
14 65 87
78 21 43
37 26 33
39 62 18
73 94 6
4 95 82
9 10 84
55 82 52
36 69 53
80 22 42
93 37 34
35 73 75
89 37 94
38 4 1
75 91 13
79 67 41
100 35 40
13 42 34
21 88 44
60 81 83
53 46 81
13 21 19
21 84 62
27 63 72
76 82 99
76 21 60
57 61 15
4 80 61
96 23 79
65 77 89
25 69 7
93 5 46
98 85 38
5 95 26
87 70 20
24 57 38
4 45 66
8 100 13
26 54 1
100 87 47
73 93 3
8 59 6
73 91 41
63 5 13
94 30 67
98 31 67
16 93 89
63 75 34
20 60 5
74 27 60
13 47 81
4 86 31
1 54 73
87 47 83
100 31 11
85 16 71
34 9 32
46 71 15
46 4 73
97 83 99
69 39 59
70 16 5
51 26 61
24 89 95
18 22 25
79 7 62
17 31 57
0 32 79
90 76 61
73 44 1
72 17 12
44 52 32
8 44 91
6 45 79
2 76 15
46 83 61
85 74 65
32 47 87
71 28 4
67 60 99
20 62 88
50 45 96
88 45 37
82 2 69
39 68 89
10 33 21
94 75 65
21 94 36
19 38 41
60 87 90
87 21 91
30 83 16
21 17 22
70 15 34
12 100 82
50 91 58
97 37 34
25 2 9
43 99 74
83 21 71
61 88 67
57 75 18
71 75 25
54 47 14
61 30 32
10 87 38
11 78 3
75 97 59
32 15 55
60 100 78
43 41 16
23 21 97
64 76 28
23 68 11
24 8 15
30 74 67
56 91 37
11 97 8
12 24 3
14 81 78
95 11 94
46 60 87
64 85 30
41 9 44
72 15 93
45 58 69
41 31 52
37 54 52
23 100 5
4 90 64
38 18 100
40 31 94
66 15 25
6 33 77
59 30 95
39 72 57
52 96 17
82 65 54
38 36 53
58 99 46
14 10 10
26 57 61
32 67 10
19 53 6
96 46 9
97 40 45
70 35 40
97 44 60
59 30 79
67 68 52
21 60 67
23 3 100
100 89 76
8 61 3
60 34 72
82 28 71
57 85 91
11 83 30
41 48 10
65 34 26
96 74 56
59 78 24
100 60 84
83 77 98
48 100 27
53 100 79
51 36 99
76 47 70
14 36 81
17 37 79
37 13 100
32 38 20
31 47 82
67 56 15
84 58 56
16 58 27
36 22 35
33 84 61
44 19 7
96 10 58
64 16 62
2 96 76
71 75 75
8 78 93
64 88 26
82 45 77
75 56 53
26 20 90
85 84 21
57 92 78
67 89 59
52 22 97
26 91 40
45 61 96
10 37 85
48 77 79
55 71 46
48 62 3
64 82 82
52 68 11
44 7 12
49 42 78
1 7 59
28 37 95
6 74 68
67 12 75
19 32 69
19 41 36
84 90 1
83 77 15
60 98 27
53 66 72
34 66 96
100 98 41
98 57 37
34 26 6
84 30 23
91 25 16
44 27 57
3 8 88
70 93 6
45 4 63
97 14 17
79 48 79
67 1 56
96 2 72
75 12 4
1 95 53
5 5 86
34 27 91
94 54 91
87 63 16
6 27 73
20 56 69
95 53 33
46 100 80
18 61 15
28 100 1
13 68 39
52 33 14
23 76 96
100 33 89
80 60 28
100 1 1
47 8 15
82 47 46
27 65 77
5 66 37
33 17 14
40 9 35
13 9 38
76 45 72
10 38 38
71 8 8
77 76 20
39 85 37
48 48 69
60 83 20
54 28 35
73 94 45
16 53 10
84 63 8
87 5 14
15 73 20
83 81 21
22 20 89
80 25 64
51 66 33
28 46 55
75 63 74
19 54 59
20 18 1
19 95 1
30 86 56
82 89 7
4 64 27
98 39 27
70 100 38
11 69 57
12 7 78
4 99 54
4 25 17
22 41 17
20 73 83
16 97 9
94 24 53
20 46 23
17 8 18
80 2 41
52 72 19
57 53 73
100 91 18
97 18 34
90 48 65
72 68 30
30 57 67
13 94 70
19 59 93
88 17 100
17 63 22
45 24 72
22 97 31
30 41 28
2 98 62
47 92 81
77 21 90
61 85 22
77 18 99
6 26 84
93 85 66
38 15 17
74 86 67
49 79 11
61 63 52
10 9 17
41 58 27
31 8 81
77 89 85
51 82 15
90 58 66
100 90 10
13 69 20
29 2 60
37 59 59
30 64 33
92 40 17
83 53 23
28 1 34
87 57 12
23 36 86
59 89 41
54 31 99
30 94 18
70 91 100
13 66 1
10 22 75
87 20 40
39 39 55
43 81 99
6 74 32
99 97 98
37 92 57
25 18 17
65 18 82
87 81 48
77 23 24
67 45 84
98 22 42
78 84 95
67 3 26
65 91 93
42 7 15
66 89 30
51 7 31
22 64 65
22 21 46
28 2 36
92 10 71
59 8 29
62 44 84
66 16 67
57 76 73
49 48 55
54 8 62
27 23 72
60 38 13
4 38 5
36 86 34
29 71 99
79 12 10
84 79 77
79 13 6
71 59 9
83 27 46
67 58 20
71 83 38
31 11 66
8 7 32
67 43 16
3 75 98
33 35 34
94 11 37
45 39 5
12 55 55
8 58 1
75 18 15
58 27 76
41 54 55
7 33 36
91 35 47
76 7 28
85 7 21
57 59 38
77 89 75
100 74 54
4 78 15
21 66 14
86 92 88
68 94 26
31 10 68
39 5 87
34 68 35
99 8 47
66 68 37
88 98 52
93 40 71
99 70 86
61 89 91
38 8 35
33 18 17
4 57 29
98 80 87
91 41 56
80 32 67
63 97 5
7 55 85
7 83 47
48 21 33
33 24 78
10 22 55
29 90 66
62 87 92
43 82 18
54 13 86
67 88 33
11 45 47
39 5 38
24 60 67
29 21 13
20 46 39
84 69 3
1 28 70
32 94 82
27 81 7
4 8 40
7 62 58
16 48 34
28 16 5
53 86 23
97 10 91
77 65 16
7 84 22
31 15 100
80 66 44
35 57 4
59 83 100
25 43 2
28 11 21
7 38 80
97 44 64
75 52 73
44 52 32
15 70 53
90 22 23
47 52 75
82 79 96
46 59 25
18 28 91
68 85 59
15 27 85
10 34 81
1 23 57
18 69 54
28 96 15
48 38 28
64 70 73
90 70 34
69 44 38
91 24 30
87 93 35
30 15 68
83 41 63
24 81 77
40 79 88
90 14 81
51 76 26
44 35 57
72 82 11
52 37 89
46 54 18
76 58 19
28 44 77
17 55 29
3 22 39
79 6 20
4 62 87
8 61 41
33 6 28
93 61 47
11 45 87
95 29 87
90 69 64
21 26 87
51 52 94
17 42 4
84 40 70
23 79 47
30 5 25
58 12 24
58 91 89
57 26 71
76 41 73
81 40 43
38 31 43
32 27 27
91 86 32
75 2 67
25 60 20
95 85 81
44 65 58
50 36 93
39 94 64
99 13 4
56 82 23
38 2 57
57 52 31
13 9 61
5 85 97
45 38 11
31 90 6
34 98 65
35 72 76
18 18 95
50 65 61
66 96 69
27 39 58
88 7 40
52 23 15
25 68 86
80 74 70
55 48 15
100 28 10
57 48 78
89 42 1
64 15 25
75 76 37
52 71 59
1 73 59
100 18 7
89 80 48
8 64 34
67 7 97
16 35 59
55 80 45
60 24 94
66 75 25
76 9 32
38 96 19
92 7 98
93 24 72
3 19 75
29 36 86
61 34 14
14 30 25
3 82 67
58 20 9
57 98 14
81 3 94
6 57 10
37 2 41
25 12 74
19 71 93
37 87 8
61 38 36
57 41 42
36 4 21
96 33 27
7 29 86
82 98 10
61 58 61
54 83 44
50 78 61
100 47 93
45 19 56
70 88 73
78 3 72
81 16 88
74 9 58
17 43 82
47 74 14
24 100 35
59 43 87
20 60 75
73 5 80
42 67 14
79 20 6
70 67 75
33 56 65
49 43 41
57 87 8
45 24 7
59 31 96
36 64 15
60 81 24
96 95 29
95 11 94
85 96 27
46 25 23
52 58 41
33 34 86
49 11 58
97 88 98
100 91 95
92 38 94
70 44 46
7 84 93
35 29 87
38 87 35
34 5 87
87 37 36
21 61 42
97 81 53
6 68 91
56 65 95
76 86 17
12 65 66
100 66 13
2 86 38
83 15 78
35 81 8
55 55 17
1 12 64
66 90 100
98 6 75
28 53 36
23 89 93
58 18 38
69 96 3
50 66 61
79 48 76
86 54 55
2 9 3
1 87 71
91 74 34
70 70 72
95 95 17
6 10 20
66 96 69
38 10 22
96 44 13
46 13 17
73 29 39
21 89 97
94 30 5
29 25 59
0 20 25
0 44 99
35 9 73
84 70 75
73 7 6
82 70 56
